GHC_mat=-0.6434 0.03935 0.764518 2.186096 -0.027993 0.996801 -0.074864 -48.411137 -0.765018 -0.069569 -0.64024 -46.899048 
Old GHC's:
GHC_mat=-0.969439 0.128817 -0.208793 -42.419098 0.222159 0.099872 -0.969882 3257.263428 -0.104084 -0.986626 -0.125437 -2197.785400 
