GHC_mat=0.397720 0.916862 -0.034381 -25.224670 0.360830 -0.190755 -0.912916 -9.190674 -0.843576 0.350679 -0.406698 48.791168 
Old GHC's:
GHC_mat=0.331719 0.942299 -0.045102 45.261536 0.379920 -0.177199 -0.907888 -8.402039 -0.863495 0.284029 -0.416778 30.069397 
Old GHC's:
GHC_mat=0.326227 0.944772 -0.031345 38.779907 0.384131 -0.162791 -0.908814 0.202637 -0.863724 0.284439 -0.416023 22.781433 
Old GHC's:
GHC_mat=0.496129 0.867678 -0.031478 -132.696350 0.337282 -0.226008 -0.913871 -109.975647 -0.800061 0.442781 -0.404781 365.220886 
Old GHC's:
GHC_mat=0.395809 0.917416 -0.041034 -29.540222 0.362435 -0.197112 -0.910927 -1.726746 -0.843787 0.345681 -0.410522 49.946014 
Old GHC's:
GHC_mat=0.614354 0.789003 -0.006527 -60.529114 0.311196 -0.249896 -0.916902 -31.255249 -0.725070 0.561271 -0.399059 120.444519 
Old GHC's:
GHC_mat=0.396460 0.917553 -0.030257 -27.202454 0.365223 -0.187873 -0.911765 -9.705933 -0.842277 0.350428 -0.409596 50.930328 
Old GHC's:
GHC_mat=-0.854430 -0.077785 0.513711 30.604736 -0.303214 -0.728245 -0.614589 -74.252991 0.421913 -0.680888 0.598649 -49.331711
Old GHC's:
GHC_mat=-0.854499 -0.078693 0.513457 31.471069 -0.303075 -0.727246 -0.615839 -73.384521 0.421872 -0.681850 0.597582 -48.530838
Old GHC's:
GHC_mat=-0.854169 -0.078148 0.514089 30.533447 -0.303827 -0.727325 -0.615376 -73.972412 0.422000 -0.681830 0.597515 -47.886810
