GHC_mat=0.998553 -0.040164 0.035754 -48.893417 -0.015534 -0.852024 -0.523273 -75.570129 0.051480 0.521960 -0.851415 9.561523 
Old GHC's:
GHC_mat=-0.63762816 0.04546537 0.76900132 9.05845348 -0.01923462 0.99700616 -0.07489435 -48.20382626 -0.77010399 -0.06254654 -0.63484445 -38.59886574
