GHC_mat=-0.9218667 0.254757443 -0.291993899 -55.0026436 0.0635919 0.842760593 0.534519091 -59.94330084 0.3822537 0.474186913 -0.793113425 -25.84314679
Old GHC's:
GHC_mat (by classical hand-eye calibration with chessboard)=-0.921109044 0.250854503 -0.297708157 -63.63975333 0.05702649 0.843410944 0.534233992 -49.10594236 0.38510532 0.475110511 -0.791178801 -25.72242722
GHC_mat=0.638183267241989 -0.448013018465126 -0.626104186775737 20.4945160187462 0.673197206514245 -0.0698378005718072 0.736157729534037 33.1202033802483 -0.373533985808195 -0.891295134563776 0.257031796766827 -21.3733118877962
GHC_mat=0.998553 -0.040164 0.035754 -48.893417 -0.015534 -0.852024 -0.523273 -75.570129 0.051480 0.521960 -0.851415 9.561523 
GHC_mat=-0.63762816 0.04546537 0.76900132 9.05845348 -0.01923462 0.99700616 -0.07489435 -48.20382626 -0.77010399 -0.06254654 -0.63484445 -38.59886574
